100
0 7
1 3
2 32
3 30
4 70
5 36
6 70
7 40
8 44
9 77
10 5
11 33
12 52
13 72
14 13
15 58
16 98
17 81
18 12
19 39
20 71
21 82
22 69
23 3
24 82
25 34
26 89
27 38
28 3
29 83
30 93
31 27
32 19
33 57
34 84
35 53
36 59
37 7
38 85
39 24
40 55
41 5
42 8
43 30
44 61
45 1
46 15
47 21
48 72
49 70
50 29
51 11
52 96
53 51
54 63
55 98
56 77
57 7
58 28
59 69
60 48
61 11
62 86
63 68
64 23
65 28
66 63
67 2
68 11
69 80
70 69
71 100
72 57
73 18
74 90
75 96
76 76
77 24
78 2
79 9
80 21
81 82
82 78
83 20
84 32
85 81
86 89
87 9
88 64
89 9
90 100
91 24
92 38
93 58
94 13
95 41
96 90
97 70
98 42
99 31
