100
-1600320374 -114523136 1036403822 -507628326 -2013872696 -1675321182 -959064648 -474913282 -882650548 -1125706656 -782123599 119201048 1646183236 292945114 1199112531 1954557082 -514419889 2068894601 1234487106 1737554297 -582237374 -187195878 -1488064642 -959109301 476735598 -1106720662 625465093 -1527734610 1704914909 -1080654753 659397590 -1145171345 1066957572 983754539 -1008300403 135040603 1625478768 453145322 1627612671 -1950464260 228272170 1569926922 2026641501 -439590333 367515358 -655890339 875388181 -1095167208 1051976297 -684978794 -482449245 -677670527 -2036497920 661675919 531438186 -180667929 -1086607452 1521486094 233525870 1736502402 985670647 -1849763038 -739653480 -1049088870 1584116875 1867871296 443590075 1164138279 1323789681 216864 46947026 761396942 -1091291026 -1111217449 -267310310 2085855456 -1194866634 216134387 1293370274 1045167915 1015452300 -211518005 1573934567 -2104822903 546923860 476174599 55611145 -1279852446 787298561 -1628346267 1209668642 -108574683 -831269140 -1641099323 -1734290553 2126563816 -1940155865 274843827 -1110256782 -1322643796
1000
4 55
2
1 48
6
4 11
4 75
2
3 57
3 21
4 5
2
4 6
4 18
1 2
4 15
0 2 582665832
2
0 13 1464434460
2
2
4 14
1 6
0 15 2032467263
5
3 18
0 9 1594877416
4 11
0 13 935750397
2
2
5
0 10 1995307178
3 14
3 11
1 3
3 5
0 1 -1406643330
0 5 864512688
0 3 -932169749
0 8 -795358171
0 5 1022975795
2
4 1
2
3 4
0 4 -254954610
0 2 -1662567337
0 4 -997264906
0 6 -1496090182
0 7 1170008496
0 1 -1835030652
3 7
0 5 308162808
0 8 -1205038364
0 3 639408769
2
0 10 -71082771
3 4
0 4 20348550
0 5 1237149205
0 2 700301526
0 4 371084050
0 5 292121258
0 6 -820992208
6
0 6 -1226188502
3 4
0 2 -73743542
0 2 -22007608
0 1 32502734
0 6 1818823977
0 7 -1683607831
0 6 109333951
3 7
0 3 -1843233095
0 6 425715407
0 5 -438898790
3 7
0 2 -1818939215
0 6 -1158137699
0 2 497288571
2
2
3 7
0 4 -46010721
0 8 -177319400
0 1 -228206241
5
1 8
0 1 1465090043
3 6
0 3 958191455
0 5 1805629437
0 3 -956271675
0 7 -1160368490
6
0 5 -641964192
4 7
4 9
4 7
4 2
0 3 90570556
4 6
3 11
3 6
0 3 2053224564
0 2 1157849361
0 3 400202773
0 2 427785191
0 6 -2144382087
3 3
0 2 2128244324
0 2 316311979
0 3 1022981621
0 5 1354655981
0 5 -2123606685
0 2 870879873
0 5 960046985
5
2
2
1 3
0 4 324486951
5
5
6
2
1 10
0 6 109398047
4 2
4 1
3 8
0 7 -1777989685
0 3 727496602
4 10
1 1
0 4 -2069287410
1 5
0 3 -492334896
2
4 9
6
4 6
0 1 304005223
4 2
3 7
0 2 1123511626
0 1 1974286518
0 9 344635888
4 2
5
4 9
5
1 2
0 5 -521944842
2
4 1
2
0 9 649145262
3 5
0 5 -1346246038
0 2 2066524202
0 5 -637230275
0 8 915832491
0 9 29142721
2
4 5
5
5
4 5
1 7
0 9 -1669074856
1 8
0 9 370926134
1 1
0 1 1016205544
3 8
0 2 -987298329
0 4 -479790755
4 4
3 6
0 1 52746533
0 1 488390591
0 2 155762836
0 8 1047098717
5
2
3 4
0 2 -1400972396
0 1 -173976580
0 2 1362172480
0 1 -856978169
0 8 -1509221348
0 7 -1091896226
3 5
0 3 -2020021478
0 4 937860326
0 1 1132228787
0 2 1279123459
0 8 1868856091
5
6
4 2
2
5
5
6
5
2
3 7
0 2 -765836371
0 5 1682125752
0 4 869692759
5
2
4 4
0 4 -1774698691
2
3 5
0 4 1655604819
0 1 1573791107
0 7 -539020095
0 3 384872124
0 7 1130355274
0 3 -615075442
1 10
3 8
0 3 1642555400
0 1 1158972295
2
6
3 8
0 4 -755619843
0 1 1244361149
4 4
0 4 -1041376062
4 7
4 7
1 5
2
0 1 -1089582785
4 3
2
6
2
0 10 -381008501
0 5 160788486
3 7
0 3 887450876
0 3 -1348644295
0 5 -1757157106
5
0 6 -242909466
4 5
2
0 4 -1996368972
4 3
3 4
0 3 57850854
0 5 1412817908
0 5 295289398
0 6 1297252990
0 7 1707413102
0 2 -1926116017
4 5
0 1 -1709408277
0 5 -1252928709
5
3 8
0 3 -1064675539
0 1 180633931
1 10
0 6 1637866436
2
0 6 -2076185273
5
5
4 5
5
4 11
0 6 1396669707
5
3 8
0 2 1080290106
0 7 -1722979407
1 5
0 4 1232226632
3 7
0 4 681189636
0 5 -1952995504
0 2 -1095926272
1 7
0 9 -503487119
5
0 5 654781136
4 4
4 10
4 10
1 8
2
0 9 -925956135
4 9
4 8
4 1
3 4
0 1 803974301
0 3 546242073
0 2 -887718311
0 7 -40597024
0 2 576234748
0 5 -378169395
1 4
0 6 -298930869
1 1
0 9 55847720
4 2
2
4 6
1 6
0 6 2129223667
1 4
0 7 -1679209605
4 7
0 9 -273105869
5
1 5
1 5
0 1 -1247865866
5
5
2
5
3 5
0 4 -874336828
0 2 364997803
0 4 869967439
0 4 1583154986
0 4 -413041604
4 9
4 5
0 8 1213617590
3 7
0 2 -937875430
0 6 242722652
0 1 -1150832921
2
4 5
2
5
4 6
3 7
0 5 284959868
0 2 -1094534644
0 8 1635229304
2
2
4 10
3 6
0 4 1189953546
0 5 -1393787749
0 8 1628464406
0 2 -116137310
2
4 2
2
3 5
0 3 -1637768675
0 1 2075078500
0 3 770678702
0 1 359030003
0 2 81159239
2
0 4 1807273658
6
0 7 709937446
0 5 306346308
4 10
1 1
6
4 12
3 9
0 4 1455456068
3 7
0 6 1839755719
0 3 2000527876
0 4 -1794193311
3 7
0 7 -689306988
0 4 244288513
0 1 -911088120
3 3
0 2 -1010817287
0 1 -2143789265
0 1 120189253
0 5 526249250
0 4 -1846815865
0 1 121515099
0 3 675286748
2
2
2
3 4
0 1 -1665231200
0 2 535664935
0 2 -66642939
0 1 1589064481
0 6 -1203650103
0 8 -704722816
0 8 -2019240559
2
2
2
4 4
2
2
4 11
5
1 8
5
2
2
0 10 -1524970102
2
3 9
0 5 -1718721770
6
3 8
0 7 -1715737262
0 1 2123833625
2
2
4 7
6
2
2
1 3
0 5 134390680
0 1 -2139764441
3 8
0 3 -257935113
0 6 2083046966
4 4
2
5
5
3 8
0 4 964530138
0 5 -615243770
2
2
1 9
0 8 -155629328
2
0 3 -557886896
0 5 -1086067370
2
5
2
4 12
1 5
3 9
0 1 309332122
2
5
5
4 5
0 7 196942616
2
3 9
0 7 2129521508
3 7
0 3 182271980
0 7 284159425
0 6 -784511288
6
3 8
0 2 76504661
0 1 140586890
2
1 5
0 1 1980765291
3 3
0 3 -369485659
0 2 -1753677840
0 5 -2087602590
0 1 351779513
0 1 -1010575148
0 2 -780503120
0 5 -1382587529
2
4 9
0 8 -1712260840
3 5
0 1 -2025463108
0 5 38835315
0 4 -35078432
0 3 1456514447
0 1 -614469592
5
0 9 899271834
2
3 4
0 3 119543156
0 5 1773240661
0 6 656592902
0 7 -965139191
0 3 1037679113
0 5 133974752
4 6
4 2
2
1 6
0 5 1278133820
2
4 1
3 7
0 6 1240113045
0 7 2029217532
0 3 -1403824669
0 8 357293202
1 3
1 4
0 6 1825429740
2
2
2
2
4 6
3 3
0 2 2089088598
0 3 1354412648
0 1 33139545
0 1 -278820548
0 2 -1263885915
0 5 -1036379472
0 9 -844196344
2
3 7
0 5 -589866985
0 3 -1373284660
0 6 1476330945
2
0 6 -624127605
6
4 9
0 5 1594015614
0 11 490990219
2
4 7
1 2
4 8
4 1
1 9
2
0 3 -1815834666
0 10 996901996
3 5
0 4 1741245245
0 6 1502667079
0 4 -866024712
0 6 22758058
0 2 -1033014699
3 6
0 6 1699481301
0 6 1359473186
0 8 -42258005
0 8 101511547
0 4 -1308025291
2
3 9
0 5 -1855474622
1 9
0 7 892136409
3 4
0 4 -1059698743
0 2 -176655776
0 3 32795590
0 1 -93472185
0 6 -287742107
0 8 1754210803
0 6 -1841390815
2
0 8 747985348
6
4 2
2
5
4 10
3 10
3 3
0 2 1522612529
0 2 -1210463028
0 5 1603744925
0 1 1021606419
0 1 -196126035
0 6 -1295869366
0 7 862948104
0 3 383294005
3 4
0 4 -409976767
0 5 262373730
0 4 2076034528
0 4 568135234
0 5 2056341087
0 6 -639814315
3 3
0 2 -1785042300
0 1 -281974435
0 5 -1337130205
0 6 -53145104
0 7 -1336095460
0 4 -1139953387
0 6 -1356248267
1 10
0 5 -388649001
1 1
0 8 -1953817996
1 9
0 8 775003213
1 6
0 2 1809663157
2
5
5
4 4
0 4 -31925590
5
2
3 5
0 3 -1346373873
0 5 1065039629
0 7 493682384
0 2 1876107992
0 2 104850877
2
5
5
3 5
0 3 -2088998671
0 3 66614645
0 2 330288843
0 5 -1095432071
0 7 569432903
2
2
5
4 10
2
2
5
0 1 -2058754986
3 9
0 7 2030382403
4 7
0 9 -2142088022
2
4 10
3 4
0 2 -719268676
0 4 -410616737
0 4 1743118706
0 4 -187783229
0 6 -493865979
0 9 1841259493
3 6
0 1 -2122993778
0 3 2034165679
0 8 283529371
0 7 438863433
3 8
0 8 -925904300
0 8 -1519906661
3 8
0 4 729160945
0 5 566485719
4 2
4 6
5
4 1
2
0 6 680882828
5
2
3 6
0 1 -1514778149
0 2 254537317
0 3 1623104949
0 4 -826750838
2
2
4 2
1 6
0 1 -1607565509
3 3
0 1 307436696
0 3 1334801950
0 3 -92250566
0 2 392270830
0 3 -1258592467
0 7 -1976017242
0 5 -913645440
3 8
0 6 510247880
0 4 -1530488740
3 5
0 1 -1741976423
0 1 547868265
0 7 1367853209
0 2 2032040992
0 8 616393998
0 6 -68300057
1 11
4 6
0 6 1420985123
0 6 -67451736
2
3 10
4 9
3 5
0 2 -2032106802
0 6 1227961973
0 1 229338384
0 8 -2011003059
0 9 -200118078
2
5
1 3
0 7 -1818669295
3 7
0 5 -1876921861
0 1 1301388264
0 2 55072204
3 3
0 3 -654350954
0 1 511111919
0 2 -1682441083
0 4 -216237584
0 5 -745578052
0 3 634763576
0 9 -1449443079
2
1 4
0 1 1240240166
0 8 549011199
4 7
4 7
3 4
0 4 -1794362664
0 3 1183207216
0 1 1552600728
0 1 -532236041
0 4 822517861
0 4 -1628310415
5
1 2
0 4 1332100305
3 7
0 4 455191094
0 3 -1668786249
0 9 432443926
4 6
0 1 -1481081484
5
3 9
0 1 1373253307
0 7 -1695416543
4 11
2
3 5
0 3 963505964
0 1 1048811388
0 1 1685758813
0 3 1496291383
0 9 1614166255
1 3
0 8 1384839060
0 1 -1263400901
2
4 9
2
2
0 5 -2087615516
1 9
0 8 -805917917
3 4
0 1 -1492272650
0 5 163716486
0 5 472299842
0 7 1640856154
0 4 -1816113888
0 9 -1627161748
4 10
1 8
0 6 1897594328
3 6
0 5 -112493227
0 6 -28825227
0 3 404319353
0 5 -1704119556
1 6
0 3 1530857794
4 6
3 6
0 4 824833294
0 6 -2058683557
0 6 324896920
0 9 -764970134
2
5
3 3
0 2 -919996346
0 4 -1265831155
0 5 -610836107
0 4 -1992146398
0 1 1974005609
0 6 1311262147
0 1 -1230889620
6
2
6
5
4 6
5
4 5
3 4
0 4 126457248
0 2 1151280410
0 5 -1146868347
0 4 -1388656569
0 6 -164235089
0 9 2113031287
2
5
2
1 9
0 1 1541481905
3 6
0 6 -665171733
0 7 -1791268974
0 3 327213650
0 4 -1750639030
5
0 2 -2082422783
3 6
0 1 -40116425
0 7 -726866285
0 7 225478371
0 6 1128371505
6
2
4 9
4 3
2
3 6
0 4 -195860801
0 4 -898924534
0 5 210096657
0 6 -593028800
2
0 6 1899284064
5
3 5
0 5 1304832419
0 5 1549694789
0 1 -615899995
0 4 -788437078
0 2 -1356906294
4 10
3 6
0 1 -451183203
0 1 2141885498
0 2 -1058936759
0 5 675111450
4 9
4 8
2
2
3 8
0 7 -363641776
0 8 107495898
1 8
0 8 1953342552
3 8
0 6 1883103379
0 7 -198995341
4 7
0 8 -1834719104
3 3
0 1 792732049
0 4 176345786
0 4 2044062999
0 6 244246356
0 7 -681638793
0 7 -1171225876
0 8 -734137487
0 1 -791456460
5
0 8 1838999448
3 10
4 3
4 1
1 2
0 3 1401419513
5
3 4
0 1 -1178363205
0 3 682514675
0 1 1185107287
0 7 1912734099
0 7 -463880703
0 8 334440152
3 6
0 6 -34479151
0 4 -881166208
0 6 -1914120632
0 6 994803977
0 4 -86626993
2
4 4
4 5
2
6
1 7
4 5
1 3
0 6 1376924893
4 4
2
2
2
4 4
3 3
0 3 -566445981
0 2 -332930281
0 5 -2134221016
0 5 1280916920
0 6 -1580046943
0 3 -516724207
0 9 -703246450
5
5
2
4 7
4 3
3 7
0 6 -1370077795
0 4 -69828225
0 1 234469898
1 4
0 5 -479642290
3 8
0 1 -264855643
0 9 -1585792397
1 9
0 4 -1425612973
1 4
0 1 279226187
3 8
0 3 1776486165
0 5 -282636308
5
3 7
0 4 -1961981534
0 5 1254629727
0 4 -378318577
3 7
0 2 1460754453
0 2 -1909344346
0 3 1628652066
3 7
0 4 -1416809284
0 3 1946399089
0 1 -1172410392
5
2
5
1 5
0 2 742859625
3 4
0 1 -918077301
0 2 314002329
0 3 -1698290441
0 1 703912160
0 7 505004354
0 6 -360621636
3 8
0 1 -907039595
0 6 1094571862
4 9
4 5
4 1
4 5
4 4
3 7
0 2 984158888
0 8 -231598013
0 2 2053500916
3 8
0 6 1712104728
0 8 -50677903
